
       //  CUBA vs HABANA   Casos_Nuevos
var neg_data = [ 
 
   3,        0
   1,        0
   0,        0
   0,        0
   0,        0
   1,        1
   2,        1
   4,        0
   5,        0
   9,        2
   10,       0
   5,        1 
   8,        3
   9,        2
   10,       3
   13,       2
   39,       7
   20,       2
   31,       8
   16,       7
   26,       9
   21,       5
   36,       7
   19,      10
   32,      12
   30,      15
   46,       6
   61,      22
   58,      32
   49,      12
   56,      19
   49,      20
   57,      15
   40,      29
   48,      33
   48,      23
   61,      15
   63,      23
   49,      18
   52,      30
   50,      20
   52,      44
   46,      17
   50,      30
   52,      29
   32,      18
   20,      14
   48,      26
   30,      25
   34,      18
   34,      18
   74,      64
   38,      36
   19,      16  
   17,       9
   18,       8
   26,      13  
   12,       4
   12,       4
   13,       9
   12,       8
   17,       6




   (1,'2020-03-11',  
       (2,'2020-03-12',  
       (3,'2020-03-13',  
       (4,'2020-03-14',  
       (5,'2020-03-15',  
       (6,'2020-03-16',  
       (6,'2020-03-17',  
       (6,'2020-03-18',  
       (6,'2020-03-19',  
       (6,'2020-03-20',  
       (6,'2020-03-21',  
       (6,'2020-03-22',  
       (6,'2020-03-23',  
       (6,'2020-03-24',  
       (6,'2020-03-25',  
       (6,'2020-03-26',  
       (6,'2020-03-27',  
       (6,'2020-03-28',  
       (6,'2020-03-29',  
       (6,'2020-03-30',  
       (6,'2020-03-31',  
       (6,'2020-04-01',  
       (6,'2020-04-02',  
       (6,'2020-04-03',  
       (6,'2020-04-04',  
       (6,'2020-04-05',  
       (6,'2020-04-06',  
       (6,'2020-04-07',  
       (6,'2020-04-08',  
       (6,'2020-04-09',  
       (6,'2020-04-10',  
       (6,'2020-04-11',  
       (6,'2020-04-12',  
       (6,'2020-04-13',  
       (6,'2020-04-14',  
       (6,'2020-04-15',  
       (6,'2020-04-16',  
       (6,'2020-04-17',  
       (6,'2020-04-18',  
       (6,'2020-04-19',  
       (6,'2020-04-20',  
       (6,'2020-04-21',  
       (6,'2020-04-22',  
       (6,'2020-04-23',  
       (6,'2020-04-24',  
       (6,'2020-04-25',  
       (6,'2020-04-26',  
       (6,'2020-04-27',  
       (6,'2020-04-28',  
       (6,'2020-04-29',  
       (6,'2020-04-30',  
       (6,'2020-05-01',  
       (6,'2020-05-02',  
       (6,'2020-05-03',  
       (6,'2020-05-04',  
       (6,'2020-05-05',  
       (6,'2020-05-06',  
       (6,'2020-05-07',  
       (6,'2020-05-08',  
       (6,'2020-05-09',  
       (6,'2020-05-10', 