   03,      
   01,      
   00,      
   00,      
   00,      
   01,      
   02,      
   04,      
   05,      
   09,      
   10,     
   05,       
   08,      
   09,      
   10,     
   13,     
   39,     
   20,     
   31,     
   16,     
   26,     
   21,     
   36,     
   19,     
   32,     
   30,     
   46,     
   61,     
   58,     
   49,     
   56,     
   49,     
   57,     
   40,     
   48,     
   48,     
   61,     
   63,     
   49,     
   52,     
   50,     
   52,     
   46,     
   50,     
   52,     
   32,     
   20,     
   48,     
   30,     
   34,     
   34,     
   74,     
   38,     
   19,       
   17,     
   18,     
   26,       
   12,     
   12,     
   13,     
   12,     
   17,     